814 629 -179 -163 917 396 226 -412 83 898 -767 456 115 453 -467 640 -561 320 913 -311 | -872 121 25 385 -185 -218 650 37 -68 -921 -876 402 899 -569 52 959 585 790 -237 160 | -19 -227 928 680 631 879 898 -418 213 377 753 -260 881 125 -177 391 827 -454 -895 171 | 940 -891 -449 -492 447 251 -557 -240 -485 -44 -574 -558 134 -838 149 920 610 685 -549 -696 | 675 -750 -145 911 597 970 -504 -991 106 609 147 -795 -687 -630 609 435 -315 588 285 871 | -632 338 628 163 600 507 131 -387 561 -18 -99 658 253 338 235 599 -318 690 -504 -843 | -414 341 175 160 -457 -698 -658 491 -997 -820 221 941 196 -989 977 14 -300 217 913 280 | -133 176 412 -209 335 779 619 -84 469 -187 157 -424 316 282 745 409 867 75 -545 77
952 530 774 885 -605 354 | 52 748 690 838 -178 865 | 642 837 58 -536 -566 822 | 54 525 456 -543 -1 -721 | -616 113 -534 -315 317 932 | -494 335 723 -33 34 -877 | 820 560 -356 -605 -634 700
-285 147 -582 63 753 624 -906 751 -812 830 128 648 -503 -952 -368 -666 345 -860 125 | 960 -670 713 -425 741 442 -827 -350 -549 -166 165 -130 -118 -559 831 311 581 489 267
892 -510 346 -133 281 -700 | -951 -346 982 -884 -183 -524 | 209 -179 -372 740 921 729 | -114 229 -439 960 -339 795 | 940 -900 347 -72 -902 -930 | 815 71 -798 861 819 -61
-373 -637 -251 448 -363 711 -579 -75 -706 -285 -805 -746 415 -13 | -328 319 130 31 -439 786 203 161 -53 76 411 -415 -785 -849 | 981 804 -898 -93 774 161 -752 493 218 -575 758 -170 -24 -509 | 480 514 615 919 -693 -3 -178 -941 -764 903 992 390 -897 922 | 947 -282 -933 14 512 -509 547 615 -254 664 -105 -617 -730 402
-357 -720 789 -745 36 38 9 -556 -514 -915 998 486 -320 -347 -263 804 351 -240 -475 | -207 208 786 -141 33 -443 417 -244 -787 -102 -798 705 -509 782 202 -598 -267 -692 -885 | 303 -346 296 -650 714 -244 -803 510 -748 -955 86 679 -303 333 -209 821 -496 169 -212 | 716 608 -196 -255 -585 100 -394 -288 820 -100 182 394 -884 151 230 782 108 630 -244 | -555 -57 5 -648 911 -5 -404 -155 -383 -127 124 -754 662 421 963 781 -353 635 -833
312 911 437 -658 -917 800 954 410 -48 -898 -73 -521 | -835 414 930 888 -172 -994 -837 901 862 -283 -648 184
831 758 -960 340 -420 -932 -402 585 -59 303 204 -505 | 299 377 -322 523 966 405 924 -84 -505 -375 -746 -59 | -388 -15 -154 -35 -130 -233 189 -878 -570 -93 632 92 | 991 -485 28 440 65 -177 966 -97 430 946 832 289 | -100 -349 790 99 -501 -605 373 83 811 918 -802 877 | 715 416 -870 685 -734 -614 -614 -791 -930 -284 192 -963
479 635 -918 -468 -653 -368 696 | 25 -777 -584 857 -809 -998 -340 | -98 -935 887 899 612 -429 356 | 2 595 998 324 706 818 -400
364 -852 989 419 -331 -964 622 -88 | 494 179 272 -51 -548 -617 402 62 | 601 972 143 406 3 -34 -114 599 | -7 12 -753 -109 638 -868 -610 790 | 797 -645 -439 374 -21 941 -875 -675 | 226 697 56 33 866 -217 -107 352 | -103 -81 -493 -295 519 770 955 -630 | -702 523 -104 -646 -881 -702 -828 -236
-603 -559 790 887 -1 126 -13 939 -189 157 211 | 589 599 -725 744 -883 -739 614 798 202 310 485 | -19 -28 -646 -482 -952 983 -455 -281 -47 -356 339 | 823 755 -980 732 927 -457 -47 964 -830 -479 -693 | -411 198 127 930 -173 -15 -737 -428 -944 -94 -848 | 94 -470 -26 -120 576 -443 176 -744 -33 860 201 | 573 -747 -674 569 -216 267 675 155 -51 -586 -216
572 -614 -313 228 947 353 -851 -560 875 983 401 144 412 -915 -297 882 944 961 619 -68 | 73 781 -876 17 -800 -188 -258 144 -847 982 294 796 349 -280 67 -982 276 -724 882 722 | 41 189 156 833 -840 785 -495 -621 620 148 -685 178 924 825 700 634 -610 439 -89 -731 | -903 -976 244 -882 952 484 848 995 -973 -725 926 -458 -39 -822 -883 -881 -761 -31 -511 -989 | -875 63 468 -609 -120 444 741 192 -689 107 158 190 851 464 410 -800 -191 675 216 207 | 6 1000 -937 525 954 -73 481 450 418 -673 161 -942 333 93 -399 968 681 -442 901 -20 | 894 237 892 -403 159 -607 -273 -221 605 772 -144 -615 702 -559 -89 -467 825 -706 -817 -319 | -913 -212 924 -208 -295 -242 758 288 -7 151 309 -900 -645 -518 -201 789 496 161 143 -522 | -35 -578 -325 816 914 -225 -86 840 351 -536 -195 -108 -294 238 -221 -217 -986 -786 839 -49 | 436 -616 -137 811 855 -878 472 -436 -308 666 578 770 559 193 396 897 -320 392 274 -5
456 -450 111 -692 -628 -942 584 258 -605 794 346 -98 -424 79 431 393 | 973 -343 303 582 231 274 913 975 248 31 648 792 212 -565 799 552 | -110 -690 -865 -717 -483 304 810 -349 -88 -353 -41 494 -81 -544 -669 145 | 464 -399 -463 -273 -552 -565 121 70 -69 562 339 114 143 597 471 -272 | -424 -335 -150 -668 843 2 592 724 -459 29 -682 746 -302 -179 -105 -367 | 211 570 -503 -151 -516 -987 922 -525 -769 18 -968 -570 562 -385 233 -819 | 849 259 561 -638 -674 -148 718 -734 -319 -654 199 681 -696 25 935 -665 | -82 -438 10 -24 220 -583 -127 896 177 603 -783 -713 778 755 -464 21 | -415 -767 -798 672 211 479 -883 831 493 -938 180 -53 391 450 -898 -803
218 -129 122 341 -448 -500 -664 -931 771 656 64 | -480 -748 -197 804 -906 -570 266 212 -573 -512 -611 | 57 989 -831 925 -897 388 -447 -835 699 276 -849 | 544 -624 664 -980 272 -37 -887 -87 -733 -74 -239 | 214 49 -291 289 879 746 -882 1000 -558 730 -980 | 379 -774 -752 -415 395 -89 -135 -433 445 537 -416 | 246 -706 -114 307 -835 -493 -117 -73 175 258 256
38 -1 -756 -220 | -640 -334 -40 -890 | -559 518 -706 -996 | 367 -610 196 -303 | 191 -12 -78 24 | 230 -633 303 604 | 454 -722 -117 600 | 433 695 -570 -538 | 486 377 -825 -928 | -662 -620 110 878
998 278 437 871 -668 422 -350 -753 419 725 -731 -275 -911 -46 -690 -497 41 | 885 -277 783 -335 394 -223 -362 -254 477 966 -516 -871 78 -654 -690 786 351 | 625 -462 -888 -837 -243 715 845 -649 -239 -697 932 13 -421 924 -430 -424 239 | 807 -117 531 17 -784 -245 -301 29 -673 -882 618 125 -680 86 -70 -688 -968 | 95 -417 -482 593 -362 -348 -405 -82 -196 -38 144 -497 771 -395 406 109 768 | -847 -678 -259 643 626 822 802 438 626 288 -645 988 -437 -378 -923 386 581 | -339 68 -581 265 404 877 -53 -474 300 585 -941 958 63 114 -364 -798 820 | -610 130 -505 97 331 -62 930 -479 555 651 7 481 319 92 -194 405 3 | 166 196 71 827 668 -730 -796 -273 -961 894 -910 -769 715 -627 885 142 -718 | -943 -625 663 435 48 -35 -430 -102 -969 95 104 -780 800 -888 871 -855 320
-761 -908 774 563 223 712 -826 675 -187 352 -283 -675 386 -500 | -68 911 -415 269 53 364 -737 -726 413 890 -948 -80 202 301 | 123 -188 488 540 -85 319 -619 -478 -514 -262 605 968 496 424 | 927 -115 811 -318 300 -953 357 827 251 -204 432 75 671 -125 | 496 868 924 -330 33 -963 -707 -676 544 755 -88 427 824 558 | -311 -747 716 531 882 -184 122 351 297 -69 389 -172 217 287 | 182 501 892 -217 -792 632 -905 920 -618 488 -260 717 201 353 | -156 720 403 -39 205 236 -496 -967 673 868 894 -603 -262 -825
-240 351 222 -113 873 -743 14 -743 -120 838 793 -994 36 | -91 24 -954 -190 629 -226 647 -502 -663 271 303 -927 943 | 239 -380 840 873 460 -569 -347 277 -134 -789 251 205 -486
1 2 3 4 | 5 6 7 8 | 9 10 11 12 | 100 200 300 400
-373 -677 -573 -678 884 -238 -664 -639 642 770 975 610 205 47 732 533 -233 -592 -205 -809 | 469 -349 -72 -592 -100 -702 808 -398 600 88 -195 -284 -809 -897 -243 -254 150 215 480 -227 | 547 284 738 800 -16 -647 -91 700 -252 769 301 742 -871 -836 816 389 -153 -404 816 338
451 -878 927 395 -772 168 517 -9 111 -713 | 250 -789 -436 75 813 77 -527 -496 980 642 | -333 435 -152 341 997 381 17 459 982 876 | -833 -764 -340 730 -18 -239 -818 110 912 -841 | -333 673 -184 -68 -349 -37 866 -506 316 -460
-292 -801 -207 430 -448 852 316 -318 -860 555 -155 | -875 886 185 840 -977 538 -24 459 -704 -710 344 | 341 -881 114 -122 -770 -89 -252 231 508 -493 941 | -726 624 -875 -140 826 903 500 885 -460 384 -178 | -458 731 -888 301 -421 55 -420 227 366 747 -787 | 116 723 -953 -37 762 355 -535 -46 123 -921 -97
940 501 732 -311 | 129 79 852 -821 | 533 546 -278 -209 | 429 -999 -309 171 | -179 -740 105 870 | 456 -464 176 -903 | 530 398 -849 -144 | 28 502 -659 336 | -681 -610 856 -196 | -899 -836 -217 396
708 789 934 -454 -896 -156 | 647 -624 219 -179 861 -959 | 514 -911 654 470 -830 923 | 866 771 50 633 786 -110 | 196 -197 435 204 350 11 | 932 -430 -395 -5 -179 125 | 374 941 -705 -136 -259 -639 | 466 -442 442 924 135 355 | -912 -999 945 -687 -982 977
-559 -116 299 -502 -201 139 693 660 464 372 -177 -791 -545 -744 770 -793 -575 | 189 339 974 17 158 539 76 826 -319 -682 961 -906 894 -901 -608 620 217 | -214 620 -246 -274 940 522 765 453 -265 79 759 713 -574 -161 -759 -793 -246 | 437 -47 783 -805 -370 -899 -367 -323 -811 -387 -712 286 -342 -515 -491 502 884 | 296 -834 609 -931 830 378 920 -729 486 871 -400 -76 -479 569 801 -85 -409 | -549 -199 -65 245 831 -347 -706 -232 779 917 961 873 -746 -933 388 299 -3 | -539 901 387 157 237 -258 25 -148 -649 709 -317 -96 657 672 -675 -630 -90 | 103 -165 184 229 450 135 -660 -266 211 -495 -276 482 369 -431 -252 12 571
1 2 3 4 | 5 6 7 8 | 9 10 11 12
693 -892 -752 96 271 486 -136 -174 -249 299 905 787 -466 917 -926 693 451 -305 | 238 -229 -824 999 190 456 106 364 -389 -204 327 -754 447 -466 -145 -817 -808 436 | -850 756 -181 -817 -162 -445 172 593 -692 -426 -847 -461 -400 -550 -935 348 970 982 | 289 973 824 651 -552 -527 -43 457 75 888 315 174 -767 658 234 -563 -355 -596 | 107 660 254 -369 533 725 -232 555 -57 326 396 128 -931 -703 -854 -839 -298 191 | -652 -954 452 -979 -97 82 777 -627 579 229 -540 775 764 711 674 -783 -464 284 | 176 -267 -671 -892 -345 -372 150 131 -537 -39 749 -416 648 -177 764 81 214 -182 | -29 445 -376 -478 935 -200 825 102 -994 899 347 -202 735 -76 232 928 254 -628 | -663 673 -974 410 950 816 -89 876 679 898 609 -390 990 -544 591 978 -865 -885
888 -689 935 -827 -201 -891 -551 655 -653 789 -995 -362 211 777 -569 -52 -817 | 149 -623 722 -173 711 809 537 -128 -595 -514 920 -939 230 -913 246 914 428
477 -99 962 214 -434 | -667 -819 160 -759 -73 | 650 836 368 455 719 | 460 -822 76 -930 393 | -747 133 -430 -234 -560
95 177 -990 -640 -317 1 899 | 993 -636 690 809 -371 396 898 | 999 202 -42 635 -854 -713 -831 | -697 341 -249 -951 923 400 -742 | 708 -311 110 -129 467 329 823 | 867 768 354 605 -990 716 -635 | -647 -873 966 185 357 508 -868
-429 -723 -530 264 312 791 -369 | 445 19 837 939 986 127 -646 | 723 -781 813 -973 -755 -313 -973 | 553 666 654 -355 277 -111 -211
996 869 -978 -928 -345 | 594 -433 -736 -104 736 | 40 -738 -740 483 236 | -537 -430 -873 -619 -381 | 186 -17 356 913 624 | 327 494 882 -394 325 | 990 -23 -113 -653 584 | -242 688 -861 -310 935
-896 226 962 -391 55 -425 566 227 300 432 856 -97 418 438 -886 117 -110 149 618 -526 | 694 433 -762 -896 -415 981 925 -669 -677 -932 -688 -909 -765 -241 -629 -975 -642 65 406 -374
398 -851 -700 -604 -124 -71 -975 -918 320 -768 | -472 -194 -257 -262 363 84 697 -952 582 30 | 374 762 -40 -274 30 489 -56 986 515 784 | -59 487 -881 75 595 -200 -564 -517 253 -521 | -45 931 686 535 -729 -300 -681 -140 752 735 | -115 362 -58 810 -777 -956 -706 -262 181 928 | -725 350 -941 -270 417 939 -776 841 550 471
-11 173 -307 -770 -15 549 518 -699 -442 -295 488 -227 300 | 401 -33 270 -770 35 -413 -972 377 179 -379 -131 -753 -605 | -812 -542 -811 524 -907 -54 120 518 -794 -84 -974 247 456 | -39 -29 -925 -706 -975 -827 -719 -408 -92 -296 -651 -825 932 | 843 -423 607 845 -78 -255 -371 574 -292 53 -333 987 107 | -47 -480 952 293 -228 -660 661 -159 -928 582 826 -280 356 | 66 -699 -70 906 -180 -354 -110 776 398 -241 -251 533 -158 | -470 -448 -638 531 980 -204 847 -473 -232 -455 934 -646 251 | -678 -296 855 -163 -946 236 -146 695 637 303 940 -24 534
-65 130 -668 159 | -226 610 381 -676 | 397 849 -514 190 | 613 887 318 -562 | -937 -55 -247 220 | -631 462 -655 -336 | 286 -104 785 -726 | 328 -347 766 -489 | -708 -945 18 579
-174 -546 912 621 | -547 933 -159 754 | 427 -504 641 764 | 104 -913 679 -62 | -82 252 853 -520 | -120 -534 917 309 | 588 -872 -445 658 | -809 -871 -749 330
-454 573 -509 829 72 520 651 | 922 -219 516 556 504 272 400 | -464 -224 40 -46 1000 -820 -591 | 219 -929 -247 -259 -933 -803 183 | -650 -826 798 -380 -751 180 -550 | 326 153 286 889 -279 -511 -877
310 -139 587 -719 -342 279 -301 537 925 522 -615 -698 886 | -886 -2 -226 -958 -63 217 -988 976 359 803 899 252 71 | -934 -856 295 577 -928 -135 517 500 -112 -900 468 568 -566
509 -299 645 -874 544 199 -78 159 -982 | -483 -518 -938 -827 -919 999 13 759 -684 | 331 -293 -4 -8 -137 24 -882 -551 915