4 3 3 5 7
3 20 30 40
26 3992 2668 8995 1250 3691 5862 3349 6206 2338 3594 2081 1570 9541 1676 9973 1369 6463 6556 7722 1779 9464 8620 4282 8707 334 968
96 1762 1866 5932 7446 8001 2802 6720 7202 5146 2380 1228 9298 5448 2364 9770 3725 3966 3036 9545 5901 212 6261 4582 5006 4933 2390 3859 6747 5674 9149 4065 4295 1752 6097 1039 9810 2157 8669 7798 9919 1317 5409 8967 8761 2258 9405 4999 6167 5496 8079 933 85 6362 6150 1650 6832 480 3285 4433 5932 1656 852 1040 6505 9995 5520 7300 8330 5603 2219 4269 5351 909 8828 5028 5814 6577 5719 1287 8105 467 7487 7276 510 2201 118 1993 5091 6079 8597 1740 3321 5836 4242 94 7852
68 871 8941 7476 1889 8473 9842 7180 8907 7910 7812 883 5732 1339 2373 1620 4974 9894 5326 6958 182 242 9031 6283 6717 4380 6958 4119 2628 4451 5660 5933 6047 9050 8577 7132 1037 3482 1348 9202 5463 3457 4615 5054 3085 5551 721 3775 4217 4513 8730 1571 6860 3687 2504 7718 2299 5324 4893 1630 6690 5757 2771 3133 8833 4616 9185 3731 7877
9 9474 4681 928 2881 9293 8108 8664 1034 163
4 3 3 5 7
60 6993 5297 1429 2334 9696 2246 7565 4883 4337 1954 9804 1364 8746 3415 540 3018 6341 8551 7965 9109 7932 2062 8502 7907 8124 1666 2523 5171 5653 6357 2008 977 8604 3570 7086 9956 1092 9618 5676 1109 1184 9896 5195 739 3234 673 1605 7606 2321 612 4478 9750 7429 2885 4696 6902 4484 8940 1746 7907
3 20 30 40
71 3511 6799 5487 7064 9859 9220 6398 6686 2345 3027 398 144 7112 9588 3255 8972 6687 3611 4843 147 8672 8193 8406 7255 828 2881 8348 9051 4622 6018 3311 4948 7210 3595 5056 202 1360 4042 8833 9135 5682 2598 8925 5624 2213 9269 3845 2539 7639 3231 8421 6833 4381 826 2019 1999 4376 4316 3754 2022 8808 3810 6672 8833 3382 5381 116 1094 2448 8807 9882
3 4749 2860 3067
90 7902 6123 804 832 4784 3988 228 2401 4285 2898 6068 5704 8066 2340 7504 4690 65 1711 2599 6351 1319 2190 5283 1805 5421 2434 5907 4505 5398 2018 1989 1259 5346 6178 3736 6761 389 8301 9564 1960 7359 848 1129 9582 70 1974 3575 8069 5464 1562 1944 2855 6870 9574 9425 5548 2254 4950 6904 5933 8582 7915 3512 8886 5498 3297 5196 8572 2270 4200 70 3052 9513 7492 5709 1635 6746 6118 2235 5008 887 9907 6264 7944 2574 5725 8365 3131 4438 8566