25 92 24 63 61 66 81 16 71 93 23 92 89 35 32 96 34 50 100 76 : 13-11, 12-9, 6-3, 10-2, 18-1, 11-2, 14-9, 16-2, 2-10
71 38 89 45 56 83 75 6 36 51 20 61 76 73 69 11 34 100 67 45 : 4-14
38 51 29 22 71 91 93 4 22 67 68 : 0-1, 2-8, 3-5, 1-0, 7-2
8 27 83 35 50 47 29 47 3 92 55 57 60 44 45 61 96 29 12 : 17-1, 3-14, 5-12, 10-12
37 84 55 43 59 23 27 98 71 85 : 2-7, 8-4, 1-3, 4-9, 6-5
18 71 9 58 61 64 97 41 27 99 66 93 : 11-9, 8-0, 8-7, 2-3, 10-2, 2-6
35 35 82 53 94 6 8 67 29 53 99 82 36 97 55 55 35 50 : 2-13, 0-15, 15-17, 3-3, 3-9, 14-8, 17-15, 3-4, 3-13
4 8 16 70 66 4 51 25 15 55 16 73 : 3-6, 10-6, 7-0, 10-4, 8-1
31 92 91 71 27 96 8 38 14 37 4 91 40 : 6-10, 6-11, 3-9, 12-2, 7-5
73 97 76 99 46 45 89 89 1 99 94 29 29 87 95 43 19 24 21 : 1-1, 15-12
87 82 62 80 28 51 62 89 61 100 45 60 59 23 22 42 17 92 : 9-6, 12-10, 11-8, 10-14
46 44 69 45 93 78 74 95 1 53 70 60 37 65 97 33 : 11-6, 15-12, 13-5, 3-12, 4-3, 8-4, 10-15, 8-2
78 68 77 91 20 58 56 19 60 80 49 39 69 4 44 75 31 : 3-6, 2-0, 4-6, 6-4
35 86 75 24 18 2 58 89 73 82 51 84 99 93 : 6-2, 6-2, 4-2, 13-4, 12-10
28 45 89 20 97 59 23 99 28 43 89 88 12 60 95 2 1 10 25 : 6-5, 14-13, 18-7
79 8 58 34 9 44 27 87 24 41 67 86 22 53 67 60 : 9-0, 3-3, 7-14, 15-13, 11-5
66 15 92 44 68 54 72 96 87 68 11 1 3 9 98 24 34 28 9 64 : 1-14, 5-19, 4-3, 16-7, 16-1, 2-5, 2-14, 10-7
74 68 70 68 55 46 62 28 24 78 : 7-3
11 31 69 8 6 62 38 88 6 30 17 67 34 9 34 17 : 2-3, 3-3, 12-0
13 63 94 74 48 56 10 94 70 15 56 2 6 61 82 : 1-3, 5-14
24 56 25 60 61 42 53 71 69 76 75 22 11 40 47 98 64 : 13-11, 8-8, 8-1, 12-5
42 12 36 19 80 14 88 98 58 30 93 100 : 6-9
99 7 6 69 47 76 60 51 77 54 36 71 2 9 73 66 96 : 2-9
63 11 28 58 8 18 6 36 13 63 31 : 8-2, 1-4, 7-5
84 28 83 75 59 97 98 13 75 56 68 71 85 30 57 : 4-11, 0-9, 14-10, 9-1, 1-8, 2-14, 9-11
24 92 16 8 95 53 58 20 6 42 69 97 37 99 99 15 27 58 35 : 4-16, 9-5, 10-14, 13-15, 9-13, 11-15, 16-9
52 76 6 67 62 68 56 51 23 60 69 : 10-1, 4-0
81 77 20 55 47 50 13 91 67 9 12 29 72 62 94 41 12 46 29 69 : 6-10, 12-11, 10-7, 8-11
1 7 97 37 92 91 7 61 70 31 12 42 40 99 : 1-11, 1-1, 1-1, 5-9, 6-5, 3-3, 13-3
57 79 34 11 38 79 45 12 20 87 25 65 83 19 10 54 77 31 57 : 7-11, 13-0, 0-12, 11-14, 1-5, 6-14, 2-18, 1-7
52 45 79 96 19 42 10 33 38 25 73 25 44 10 13 69 28 12 70 : 15-6, 1-8, 1-11, 14-17, 1-15, 1-13, 15-15
43 45 64 3 64 31 92 44 55 56 46 : 1-7, 8-3, 8-7, 10-8, 3-0, 10-8
93 1 100 48 21 56 79 56 19 72 42 54 53 20 52 : 3-8
23 39 65 43 98 25 62 28 20 11 9 55 43 29 90 : 0-10, 7-14, 6-10, 11-11, 4-2
32 87 80 82 17 16 49 39 6 86 : 5-0, 3-0, 7-2, 9-3, 3-8
88 51 19 67 8 91 59 47 59 57 57 42 98 76 : 2-5
78 43 7 92 21 1 20 72 60 82 89 21 79 53 37 17 12 99 93 : 13-17, 9-13, 10-5, 15-8
14 100 80 72 79 68 62 65 28 9 52 12 27 88 93 9 5 : 2-11, 2-7, 2-16, 16-14, 4-15, 2-6, 0-1
82 64 37 47 1 44 21 100 41 1 4 65 25 25 2 49 35 22 : 16-3, 17-16, 10-14, 1-16, 1-4
97 8 65 58 8 97 13 20 80 66 8 66 69 98 20 87 35 : 2-9, 12-5, 7-16, 15-12, 0-16
22 53 69 74 70 80 39 88 93 49 92 87 66 17 31 28 : 4-1
60 34 66 63 43 92 84 12 38 13 11 15 54 28 100 59 86 : 3-14
79 50 57 43 45 81 16 2 90 37 : 9-6
39 57 92 70 82 68 95 76 20 66 46 60 71 33 86 59 51 67 99 39 : 5-19, 7-8, 13-10, 4-4, 7-18, 12-17, 15-14, 18-0
49 58 68 77 67 97 26 63 96 34 42 : 7-7, 3-4, 6-10, 4-4, 5-8, 2-5
63 14 71 4 90 93 33 88 7 38 25 68 60 67 45 14 : 2-13, 13-0, 3-3, 9-13
64 24 13 24 37 40 46 41 73 75 45 47 98 23 29 100 73 74 : 11-7, 10-14, 17-15, 2-14, 14-15, 13-16
25 76 80 31 56 88 4 1 72 69 18 14 48 51 41 92 45 : 11-0, 12-0, 12-6, 8-15
58 17 35 58 21 83 22 4 20 60 56 99 77 : 4-6, 2-10, 4-4, 9-10, 11-4
49 23 91 86 38 34 62 47 39 16 55 83 17 82 16 94 : 13-3, 3-4, 15-13, 8-10, 0-15
30 83 27 21 96 43 26 61 68 37 84 85 71 88 25 89 81 : 16-2, 10-11, 7-10, 7-1, 6-1, 16-9, 2-0, 7-2, 5-8
50 77 96 78 27 14 2 98 86 72 87 49 86 74 88 77 97 36 44 72 : 15-13
9 72 67 41 14 45 1 35 79 27 75 17 15 68 86 69 4 53 49 51 : 4-2, 2-13
44 49 55 37 69 22 83 66 21 99 16 82 70 29 8 75 : 14-3, 4-4, 3-4, 2-5, 10-6, 1-15
62 29 57 80 27 57 88 43 56 26 31 26 76 71 17 30 85 44 37 : 11-9, 5-15, 15-2, 15-17, 17-8
92 5 59 6 73 24 17 44 59 95 56 96 73 12 : 8-7, 11-10, 5-13, 12-0
78 16 4 36 59 73 55 12 42 25 : 6-5, 8-5, 6-4
32 70 86 29 19 47 36 33 42 71 28 6 31 : 2-8
18 23 20 50 99 50 19 69 82 92 12 44 84 : 5-9, 2-8, 12-2, 12-5, 9-9, 4-3
63 16 75 32 81 12 86 12 71 17 99 28 57 20 47 41 35 71 29 68 : 1-3, 7-13, 1-11, 0-2, 9-6, 16-3
94 82 30 53 12 92 47 75 60 11 84 86 86 71 60 88 42 : 11-3, 9-8
16 33 3 45 11 7 18 79 96 39 7 : 7-5, 0-3
79 66 29 97 30 42 44 42 52 27 : 8-0, 9-6, 9-6, 0-3
32 86 58 86 98 75 2 67 31 41 : 9-4, 8-7, 0-9, 6-0, 8-7
52 75 73 67 65 65 44 80 22 57 44 44 20 59 68 59 39 42 78 66 : 15-3, 15-15
69 90 68 91 35 16 54 19 22 14 73 27 19 61 89 88 80 38 46 67 : 3-14, 0-9, 13-19, 9-8, 15-2, 1-12, 10-13, 14-5, 17-2, 6-7
99 32 29 43 47 50 69 50 12 22 : 0-1, 3-4, 0-5
69 53 55 8 8 17 18 85 45 52 82 70 62 98 53 1 30 10 17 80 : 4-5, 15-13, 2-0, 10-2, 14-16
36 20 94 87 65 72 29 65 29 27 63 60 71 74 17 48 81 : 14-13, 3-5, 10-9, 9-6, 11-2, 16-12, 13-12, 8-1, 4-12
61 61 94 7 97 11 50 57 91 38 4 48 : 2-3, 3-9, 5-7
58 91 15 57 70 68 49 97 27 8 18 84 91 77 : 3-7, 12-8, 5-8, 3-12, 3-4
54 56 67 91 5 8 15 11 40 23 10 : 10-2, 6-0, 4-6, 2-0, 10-3, 7-4
24 40 5 22 61 37 63 93 13 90 29 89 3 48 82 35 9 10 : 10-9, 10-17
34 5 19 15 75 61 91 7 67 80 1 73 22 : 8-12, 11-0, 8-10, 1-4, 7-8, 0-1, 12-2
81 89 53 45 14 7 9 18 70 27 50 99 56 97 : 8-12, 1-9, 13-11, 9-12
9 68 1 38 55 77 72 4 30 48 68 : 0-3, 5-10
36 46 74 86 21 13 24 79 22 86 : 0-2, 8-9, 9-6, 9-4
78 79 18 29 87 75 95 23 79 20 99 98 38 35 32 84 85 87 27 : 6-17, 0-3, 11-9, 8-0, 18-1, 8-14
88 44 54 26 22 76 17 67 64 90 28 20 26 : 3-4, 2-1
34 76 97 42 30 82 95 66 46 94 91 83 82 23 85 56 6 : 10-6, 4-12
23 91 7 54 72 48 46 20 27 48 9 80 : 3-5, 5-8, 6-5
67 73 75 45 81 60 51 81 40 11 68 49 58 80 : 4-1, 8-2, 8-9, 12-3, 3-4, 10-10, 12-8, 13-8
76 80 72 71 98 94 9 80 95 41 26 : 2-3
90 29 66 27 60 10 72 44 15 100 : 9-0, 7-1, 3-8, 0-7, 3-9
35 27 97 6 56 56 31 36 9 44 83 35 89 76 16 96 11 52 : 3-3, 8-15, 3-17, 1-15, 1-5, 17-9
59 78 4 90 31 6 93 58 59 67 67 66 79 45 : 6-2, 4-2, 10-6, 6-10
9 17 25 95 45 80 84 7 63 77 65 1 78 : 8-9, 7-3, 10-4
36 32 17 73 62 68 33 49 6 41 79 7 91 13 98 : 14-12, 4-0
19 24 46 79 69 85 55 88 42 76 77 16 : 11-3
46 94 99 37 96 27 19 74 48 63 74 : 8-2, 9-9
43 19 18 62 80 60 62 59 82 49 81 61 47 12 71 54 52 100 1 : 6-14, 6-7, 14-10, 3-12, 7-7, 14-7, 7-12, 18-9
97 5 7 49 93 78 67 86 27 29 6 22 30 54 59 50 84 13 : 14-14, 15-4, 4-14, 5-12, 2-14, 1-7, 3-12, 2-1
83 24 30 40 14 69 66 50 17 71 56 83 5 54 34 25 20 91 71 : 16-9, 4-11, 6-1, 10-13, 9-17, 0-6
78 71 87 19 23 87 66 3 86 13 46 55 2 42 78 73 : 10-3, 15-4, 7-0, 10-14, 2-11, 3-5, 9-2, 14-1, 4-4
53 70 83 20 74 82 80 5 6 11 54 86 : 8-11, 1-3, 2-11, 5-5, 11-6, 9-2
24 39 97 82 2 100 91 73 80 81 65 80 : 8-1, 9-11, 1-0, 8-5
6 66 25 53 68 41 80 59 58 58 38 85 8 92 74 80 57 : 5-13, 2-11, 8-2, 11-10
44 64 82 61 4 73 22 9 27 48 : 3-4, 7-8, 8-7, 5-4, 5-4
30 91 53 19 93 43 99 83 14 92 38 73 27 45 1 93 7 87 : 9-10, 8-16, 12-0
30 55 61 65 5 72 90 62 91 42 : 2-3, 7-4